[?25l[0m [38;2;0;0;0m                                                    [0m
 [38;2;0;0;0m                     [0m  [38;2;88;111;138m🬭[38;2;134;182;232m🬭[7m[38;2;124;171;224m🬆[38;2;101;146;223m🬂[38;2;47;99;200m🬂[0m[38;2;38;56;102;48;2;14;47;127m🬁[0m[7m[38;2;29;84;177m🬂[0m[38;2;62;105;182m🬱[38;2;65;87;131m🬭[0m [38;2;22;23;30m                   [0m
 [38;2;0;0;0m              [0m   [7m[38;2;39;73;138m🬆[38;2;12;58;143m🬂[0m[38;2;15;95;207;48;2;37;58;109m🬭[38;2;62;97;163;48;2;23;79;172m🬀[38;2;91;151;227;48;2;18;90;193m🬂[38;2;121;190;242;48;2;35;110;209m🬂[38;2;138;207;246;48;2;38;114;211m🬂[38;2;21;103;210;48;2;121;189;241m🬭[38;2;121;188;240;48;2;55;127;222m🬌[38;2;110;176;230;48;2;41;114;220m🬩[38;2;113;180;234;48;2;14;77;198m🬭[38;2;68;120;215;48;2;12;67;194m🬏[38;2;9;64;194;48;2;13;77;196m🬱[38;2;32;100;205;48;2;13;74;194m🬂[38;2;75;128;218;48;2;36;100;206m🬂[38;2;73;90;129;48;2;83;130;216m🬁[0m[7m[38;2;115;155;229m🬂[38;2;146;197;246m🬂[38;2;143;187;233m🬂[0m[38;2;136;176;226m🬱[38;2;133;179;250m🬭[38;2;90;129;216m🬭[38;2;41;65;132m🬭[0m [38;2;22;23;30m           [0m
 [38;2;0;0;0m            [0m [7m[38;2;120;160;225m🬆[0m[38;2;124;157;208;48;2;101;152;236m🬀[38;2;71;142;231;48;2;116;166;242m🬭[38;2;91;154;234;48;2;5;73;189m🬆[38;2;4;71;180;48;2;7;80;189m🬃[38;2;47;101;200;48;2;13;92;200m🬞[38;2;43;110;224;48;2;11;92;220m🬭[38;2;52;117;235;48;2;22;103;230m🬞[38;2;45;120;238;48;2;15;85;214m🬏[38;2;6;81;224;48;2;7;72;195m🬏[38;2;6;70;189;48;2;6;74;195m🬐[38;2;5;68;193;48;2;7;77;199m🬭[38;2;8;87;211;48;2;6;67;196m🬆[38;2;15;95;209;48;2;6;68;194m🬂[38;2;32;117;220;48;2;7;82;207m🬂[38;2;92;161;230;48;2;42;120;222m🬠[38;2;135;195;235;48;2;49;116;214m🬭[38;2;159;220;247;48;2;19;65;190m🬭[38;2;172;226;250;48;2;32;84;198m🬭[38;2;172;224;249;48;2;41;96;201m🬭[38;2;181;229;249;48;2;57;108;207m🬭[38;2;172;217;240;48;2;84;137;224m🬭[38;2;64;127;221;48;2;116;177;234m🬋[38;2;97;159;237;48;2;64;122;206m🬂[38;2;68;124;216;48;2;25;83;185m🬂[38;2;27;75;175;48;2;79;145;228m🬆[38;2;55;110;202;48;2;105;163;237m🬀[0m[7m[38;2;105;151;225m🬁[0m[38;2;63;91;146m🬱          [0m
 [38;2;0;0;0m         [0m [38;2;124;159;183m🬭[38;2;139;199;242m🬭[7m[38;2;115;170;224m🬀[0m[38;2;44;115;215;48;2;120;184;244m🬭[38;2;124;202;247;48;2;48;121;213m🬂[38;2;76;120;195;48;2;31;106;204m🬇[38;2;84;127;181;48;2;22;86;188m🬃[38;2;48;99;196;48;2;5;86;227m🬂[38;2;9;80;209;48;2;6;111;239m🬀[38;2;6;122;245;48;2;7;138;246m🬐[38;2;12;164;245;48;2;7;147;247m🬩[38;2;16;177;245;48;2;11;158;246m🬃[38;2;37;163;241;48;2;15;154;243m🬀[38;2;50;131;218;48;2;18;130;234m🬀[38;2;71;162;236;48;2;26;94;200m🬢[38;2;57;115;216;48;2;4;49;178m🬭[38;2;5;49;183;48;2;53;127;226m🬆[38;2;81;164;235;48;2;36;113;227m🬁[38;2;77;171;242;48;2;35;132;238m🬟[38;2;89;184;245;48;2;58;145;235m🬞[38;2;96;161;234;48;2;55;148;236m🬩[38;2;104;171;238;48;2;55;131;226m🬱[38;2;114;179;240;48;2;50;117;219m🬭[38;2;100;160;231;48;2;58;123;220m🬑[38;2;42;107;211;48;2;97;163;233m🬩[38;2;135;200;245;48;2;46;115;215m🬂[38;2;65;135;227;48;2;144;208;246m🬱[38;2;79;150;233;48;2;146;209;244m🬭[38;2;107;172;239;48;2;141;203;243m🬭[38;2;165;225;249;48;2;114;179;240m🬋[38;2;80;121;192;48;2;127;182;238m🬞[38;2;111;162;227;48;2;80;126;197m▌[0m[38;2;58;102;171m🬓         [0m
 [38;2;0;0;0m      [0m [7m[38;2;72;127;193m🬆[0m[38;2;93;123;147;48;2;89;153;221m🬀[38;2;134;198;244;48;2;53;123;214m🬂[38;2;109;175;242;48;2;28;101;200m🬂[38;2;70;140;232;48;2;10;80;190m🬂[38;2;48;128;222;48;2;18;84;195m🬞[38;2;45;142;236;48;2;19;109;221m🬃[38;2;25;134;232;48;2;6;113;216m🬏[38;2;3;108;213;48;2;4;87;201m🬂[38;2;3;94;210;48;2;3;79;202m🬌[38;2;3;76;215;48;2;3;87;216m🬁[38;2;4;92;236;48;2;3;81;220m🬂[38;2;22;98;235;48;2;6;102;240m🬞[38;2;5;125;245;48;2;13;92;236m🬂[38;2;38;114;240;48;2;10;107;241m🬞[38;2;75;147;234;48;2;18;117;246m🬃[38;2;42;130;242;48;2;8;118;248m🬀[38;2;4;144;248;48;2;2;116;248m🬋[38;2;3;117;245;48;2;4;132;246m🬭[38;2;20;162;245;48;2;7;127;244m🬇[38;2;56;145;239;48;2;20;145;242m🬁[38;2;64;146;236;48;2;18;140;240m🬈[38;2;77;143;228;48;2;17;119;239m🬢[38;2;8;84;232;48;2;17;94;229m🬃[38;2;6;75;223;48;2;16;103;229m🬭[38;2;13;95;225;48;2;20;109;228m🬭[38;2;16;102;228;48;2;22;109;229m🬭[38;2;33;95;218;48;2;15;91;228m🬁[38;2;69;141;226;48;2;33;88;206m🬦[38;2;86;130;204;48;2;20;82;197m🬏[38;2;49;119;221;48;2;15;74;191m🬂[38;2;9;63;178;48;2;62;129;223m🬭[38;2;73;135;223;48;2;20;77;185m🬂[38;2;28;89;195;48;2;19;72;177m▌[38;2;78;127;204;48;2;39;90;185m🬠[38;2;50;103;172;48;2;68;124;196m🬁[0m[38;2;43;86;156m🬓        [0m
 [38;2;0;0;0m     [38;2;33;71;145m🬦[38;2;34;54;95;48;2;13;52;128m🬀[38;2;15;68;151;48;2;9;52;140m🬂[38;2;8;66;162;48;2;7;54;153m🬁[38;2;5;58;179;48;2;6;63;167m🬭[38;2;4;61;190;48;2;4;62;174m🬭[38;2;25;82;197;48;2;3;59;182m🬞[38;2;31;131;239;48;2;13;107;230m🬓[38;2;12;114;231;48;2;21;127;235m🬟[38;2;22;118;226;48;2;6;92;209m🬄[38;2;3;75;196;48;2;2;63;188m🬌[38;2;38;109;220;48;2;3;68;197m🬞[38;2;24;135;245;48;2;12;91;218m🬏[38;2;38;105;221;48;2;11;70;199m🬁[38;2;24;79;198;48;2;2;37;166m🬀[38;2;20;73;214;48;2;4;39;174m🬁[38;2;21;76;228;48;2;6;41;184m🬀[38;2;5;54;207;48;2;12;69;214m🬣[38;2;2;51;199;48;2;15;83;235m🬭[38;2;33;96;236;48;2;2;50;197m🬂[38;2;37;106;236;48;2;2;52;200m🬂[38;2;38;122;238;48;2;9;87;230m🬈[38;2;40;123;234;48;2;4;108;241m🬱[38;2;4;79;225;48;2;12;135;240m🬭[38;2;16;123;235;48;2;19;158;239m🬭[38;2;18;51;193;48;2;54;163;231m🬁[38;2;52;86;174;48;2;1;34;182m🬏[38;2;1;30;172;48;2;6;68;212m🬱[38;2;5;53;201;48;2;9;85;225m🬏[38;2;9;83;225;48;2;10;92;230m🬁[38;2;25;113;228;48;2;47;135;231m▌[38;2;48;75;161;48;2;89;161;232m🬁[38;2;1;27;144;48;2;4;32;143m🬃[38;2;1;32;144;48;2;4;50;166m🬓[38;2;9;65;182;48;2;17;83;200m🬓[38;2;30;97;208;48;2;46;117;222m🬐[38;2;58;122;217;48;2;74;144;228m🬀[38;2;51;115;210;48;2;27;85;185m▌[38;2;53;82;131;48;2;50;102;188m🬁[0m[38;2;68;117;188m🬱[0m [38;2;45;62;95m      [0m
 [38;2;0;0;0m    [0m [38;2;50;84;150;48;2;23;77;169m🬀[38;2;6;56;150;48;2;7;46;132m🬱[38;2;4;54;160;48;2;5;50;148m🬞[38;2;5;54;169;48;2;4;58;183m▌[38;2;4;63;193;48;2;4;63;202m🬄[38;2;3;64;208;48;2;3;69;217m▌[38;2;39;132;239;48;2;19;93;223m🬞[38;2;67;145;232;48;2;17;121;233m🬏[38;2;74;142;218;48;2;9;107;222m🬋[38;2;60;145;230;48;2;17;88;205m🬃[38;2;38;128;236;48;2;29;102;215m🬖[38;2;15;130;243;48;2;15;102;243m🬆[38;2;16;99;236;48;2;12;64;208m🬐[38;2;38;83;215;48;2;5;41;173m🬋[38;2;24;47;157;48;2;18;71;211m🬂[38;2;17;86;233;48;2;31;65;186m🬋[38;2;32;71;184;48;2;31;81;209m🬭[38;2;8;40;158;48;2;29;75;200m🬭[38;2;23;71;198;48;2;11;41;159m🬌[38;2;32;89;210;48;2;7;33;153m🬋[38;2;19;63;183;48;2;6;20;132m🬱[38;2;3;11;108;48;2;13;43;161m🬌[38;2;20;94;222;48;2;5;14;87m🬂[38;2;61;116;199;48;2;9;21;122m🬣[38;2;4;61;193;48;2;7;18;126m🬂[38;2;4;28;153;48;2;34;140;232m🬱[38;2;28;44;157;48;2;64;155;222m🬁[38;2;2;15;148;48;2;2;25;164m🬓[38;2;5;61;210;48;2;4;38;182m🬁[38;2;5;57;199;48;2;9;85;222m🬓[38;2;23;112;227;48;2;47;139;231m▌[38;2;81;166;241;48;2;64;150;234m🬁[38;2;27;44;129;48;2;76;143;226m🬂[38;2;112;174;232;48;2;10;37;137m🬭[38;2;35;74;161;48;2;10;64;178m🬏[38;2;30;100;211;48;2;53;127;226m▌[38;2;77;149;230;48;2;68;138;226m🬗[38;2;51;117;214;48;2;33;95;198m▌[38;2;18;66;170;48;2;84;122;183m▌[38;2;129;173;208;48;2;77;137;212m🬏[38;2;75;114;176;48;2;57;112;197m🬁[0m[7m[38;2;57;108;185m🬂[0m[38;2;58;92;159m🬭[0m [38;2;31;36;53m   [0m
 [38;2;0;0;0m    [38;2;122;156;209m🬞[38;2;47;118;220;48;2;22;87;193m🬏[38;2;4;60;164;48;2;3;71;182m🬂[38;2;71;129;211;48;2;5;60;179m🬞[38;2;4;55;183;48;2;78;147;227m🬆[38;2;74;152;240;48;2;28;93;210m🬋[38;2;69;144;227;48;2;26;105;227m🬖[38;2;60;142;233;48;2;9;113;231m🬂[38;2;6;96;214;48;2;7;115;230m🬭[38;2;4;93;213;48;2;3;66;184m🬆[38;2;3;59;180;48;2;27;96;220m▌[38;2;21;94;234;48;2;10;91;241m🬏[38;2;11;75;233;48;2;4;27;155m🬆[38;2;4;30;164;48;2;4;15;125m🬀[38;2;30;64;171;48;2;14;29;138m🬖[38;2;16;54;185;48;2;7;30;140m🬂[38;2;6;12;95;48;2;6;33;151m🬞[38;2;13;57;181;48;2;13;26;111m🬂[38;2;38;83;180;48;2;14;27;114m🬂[38;2;51;99;159;48;2;20;30;88m🬈[38;2;86;146;221;48;2;15;27;85m🬩[38;2;86;147;230;48;2;12;24;96m🬱[38;2;69;122;214;48;2;7;23;107m🬭[38;2;34;69;161;48;2;6;19;104m🬭[38;2;44;61;115;48;2;27;33;99m🬁[38;2;37;57;148;48;2;69;101;189m🬱[38;2;47;84;192;48;2;6;10;82m🬱[38;2;94;166;222;48;2;14;26;93m🬁[38;2;110;189;235;48;2;44;65;154m🬓[38;2;4;8;121;48;2;4;26;157m🬱[38;2;6;27;158;48;2;6;49;189m🬱[38;2;14;65;198;48;2;43;128;227m▌[38;2;63;147;233;48;2;60;145;232m🬂[38;2;76;135;215;48;2;18;73;211m▌[38;2;34;99;220;48;2;89;151;240m🬱[38;2;51;97;185;48;2;124;189;246m🬁[38;2;73;127;208;48;2;27;88;203m🬏[38;2;54;124;220;48;2;33;97;201m🬆[38;2;34;98;203;48;2;18;70;179m🬄[38;2;15;47;150;48;2;97;131;184m▌[38;2;103;143;190;48;2;127;166;207m🬑[38;2;66;118;185;48;2;108;151;196m🬉[38;2;30;85;172;48;2;90;140;199m🬂[38;2;87;144;210;48;2;37;90;177m🬭[0m[7m[38;2;47;95;175m🬁[0m[38;2;31;55;105m🬱  [0m
 [38;2;0;0;0m  [0m [7m[38;2;122;173;239m🬆[0m[38;2;128;200;246;48;2;123;184;243m🬇[38;2;116;187;240;48;2;43;118;223m🬱[38;2;17;91;206;48;2;98;170;233m🬀[38;2;90;174;240;48;2;43;119;215m🬆[38;2;61;124;214;48;2;27;85;192m🬗[38;2;41;109;217;48;2;3;56;181m🬂[38;2;6;97;223;48;2;5;81;210m🬉[38;2;8;103;223;48;2;5;72;191m🬆[38;2;5;74;195;48;2;3;51;166m🬂[38;2;3;49;164;48;2;4;36;150m🬂[38;2;9;34;145;48;2;23;84;230m▌[38;2;6;31;145;48;2;15;86;220m🬦[38;2;12;35;132;48;2;6;18;122m🬖[38;2;48;95;170;48;2;12;32;127m🬦[38;2;17;56;160;48;2;13;41;138m🬏[38;2;6;30;131;48;2;7;11;55m🬂[38;2;16;36;116;48;2;15;28;86m🬉[38;2;12;37;141;48;2;13;19;72m🬀[38;2;47;66;112;48;2;9;12;51m🬋[38;2;40;60;96;48;2;20;36;84m🬋[38;2;50;90;171;48;2;26;47;109m🬍[38;2;88;150;228;48;2;40;86;191m🬑[38;2;44;81;181;48;2;96;157;236m🬭[38;2;80;135;225;48;2;67;113;202m▌[38;2;54;90;178;48;2;84;119;193m▌[38;2;49;85;188;48;2;24;49;144m▌[38;2;24;49;148;48;2;44;80;187m🬓[38;2;22;41;126;48;2;28;60;166m🬁[38;2;88;123;184;48;2;101;145;207m🬉[38;2;44;79;181;48;2;10;16;85m🬏[38;2;3;3;62;48;2;6;10;122m🬱[38;2;7;13;130;48;2;29;84;196m▌[38;2;52;133;226;48;2;63;140;230m🬃[38;2;59;94;182;48;2;9;29;149m🬄[38;2;12;63;190;48;2;72;139;235m▌[38;2;129;189;247;48;2;160;209;247m🬃[38;2;158;204;236;48;2;28;70;164m🬄[38;2;29;86;189;48;2;18;69;173m🬂[38;2;9;42;155;48;2;16;55;163m🬇[38;2;21;49;125;48;2;26;55;124m🬃[38;2;88;123;177;48;2;43;75;135m🬁[38;2;74;107;163;48;2;124;156;199m🬏[38;2;125;161;203;48;2;93;130;183m🬱[38;2;86;126;180;48;2;104;157;213m🬱[38;2;101;156;214;48;2;92;143;203m🬍[38;2;81;119;175;48;2;89;139;204m🬁[0m[38;2;66;101;166m🬓 [0m
 [38;2;0;0;0m [0m [7m[38;2;90;135;220m🬀[0m[38;2;117;178;241;48;2;103;166;244m🬞[38;2;112;180;240;48;2;133;198;241m🬟[38;2;121;192;241;48;2;76;141;222m🬆[38;2;74;149;227;48;2;41;108;207m🬀[38;2;26;98;204;48;2;12;70;189m🬆[38;2;73;133;213;48;2;25;71;174m🬟[38;2;21;78;186;48;2;4;53;165m🬏[38;2;4;61;182;48;2;4;54;166m🬂[38;2;4;55;173;48;2;4;48;159m🬀[38;2;4;43;157;48;2;4;37;152m🬱[38;2;45;85;193;48;2;11;40;159m🬖[38;2;10;37;164;48;2;33;78;202m🬱[38;2;28;97;217;48;2;12;19;105m▌[38;2;17;47;152;48;2;9;17;113m🬄[38;2;6;7;66;48;2;42;81;146m▌[38;2;27;44;85;48;2;10;16;58m🬏[38;2;32;63;150;48;2;16;30;77m🬇[38;2;19;34;95;48;2;21;27;62m🬂[38;2;44;70;122;48;2;15;19;55m🬭[38;2;55;81;129;48;2;24;34;81m🬦[38;2;25;54;124;48;2;56;108;177m🬂[38;2;33;58;120;48;2;46;121;221m🬂[38;2;65;114;187;48;2;66;133;225m🬀[38;2;20;50;151;48;2;53;101;191m🬁[38;2;14;37;135;48;2;42;79;176m🬢[38;2;55;104;211;48;2;60;98;193m🬇[38;2;45;83;183;48;2;45;96;205m🬂[38;2;42;94;206;48;2;25;64;179m🬓[38;2;67;90;189;48;2;26;56;182m🬞[38;2;115;146;203;48;2;36;86;197m🬄[38;2;36;82;188;48;2;30;67;166m▌[38;2;21;52;142;48;2;7;16;75m🬓[38;2;27;61;137;48;2;9;19;77m🬦[38;2;5;9;49;48;2;60;111;179m🬦[38;2;30;62;159;48;2;6;16;116m🬞[38;2;46;104;206;48;2;119;186;242m🬄[38;2;130;195;246;48;2;68;90;145m▌[38;2;6;34;121;48;2;10;51;148m🬱[38;2;11;53;155;48;2;6;33;129m🬂[38;2;58;76;143;48;2;21;46;129m🬁[38;2;55;74;123;48;2;113;131;164m🬁[38;2;99;117;155;48;2;37;64;121m🬏[38;2;87;125;180;48;2;50;85;145m🬁[38;2;46;83;152;48;2;124;162;208m🬱[38;2;53;98;183;48;2;115;156;204m🬭[38;2;83;128;189;48;2;93;137;201m🬉[38;2;43;80;156;48;2;69;113;181m🬦[0m[38;2;44;75;149m▌ [0m
 [38;2;0;0;0m  [7m[38;2;64;117;214m▌[0m[38;2;39;83;139;48;2;101;160;228m🬦[38;2;73;137;218;48;2;40;100;193m🬂[38;2;48;113;212;48;2;25;85;196m🬂[38;2;24;86;195;48;2;12;67;181m🬂[38;2;11;64;180;48;2;6;50;164m🬀[38;2;65;105;188;48;2;6;38;156m🬉[38;2;19;76;191;48;2;59;123;217m🬁[38;2;37;107;218;48;2;12;72;193m🬏[38;2;23;95;213;48;2;12;73;191m🬏[38;2;12;69;190;48;2;7;47;164m🬭[38;2;67;126;216;48;2;23;81;202m▌[38;2;10;50;170;48;2;7;21;128m▌[38;2;76;107;163;48;2;11;18;106m🬁[38;2;38;88;204;48;2;17;25;104m🬱[38;2;36;108;227;48;2;25;39;89m🬭[38;2;13;18;52;48;2;43;103;197m🬉[38;2;44;98;183;48;2;16;31;91m🬭[38;2;51;76;128;48;2;47;97;201m🬂[38;2;52;81;134;48;2;47;94;209m🬂[38;2;32;68;152;48;2;38;94;203m🬀[38;2;34;102;210;48;2;33;75;187m🬆[38;2;29;79;203;48;2;45;110;219m🬭[38;2;28;70;169;48;2;47;104;201m🬭[38;2;38;85;174;48;2;34;75;161m🬌[38;2;63;88;161;48;2;31;66;151m🬞[38;2;63;103;194;48;2;43;88;205m🬀[38;2;48;83;194;48;2;35;78;207m🬇[38;2;69;83;187;48;2;41;78;202m🬞[38;2;71;83;187;48;2;44;70;171m🬃[38;2;15;57;158;48;2;22;68;173m🬭[38;2;24;69;170;48;2;16;56;155m🬆[38;2;15;48;142;48;2;10;30;118m🬄[38;2;4;5;57;48;2;79;119;166m🬄[38;2;118;201;237;48;2;18;27;69m🬃[38;2;31;50;116;48;2;112;181;235m🬄[38;2;117;186;240;48;2;70;142;231m🬆[38;2;71;124;190;48;2;11;27;103m🬄[38;2;5;25;111;48;2;5;22;108m🬂[38;2;9;27;105;48;2;6;24;112m🬞[38;2;21;47;118;48;2;77;112;174m🬄[38;2;135;162;209;48;2;125;151;201m🬞[38;2;70;87;136;48;2;115;140;189m🬁[38;2;54;74;130;48;2;22;51;121m🬏[38;2;63;99;161;48;2;19;55;135m🬭[38;2;106;151;202;48;2;20;60;150m🬭[38;2;113;163;217;48;2;32;72;163m🬭[38;2;113;163;225;48;2;50;83;158m🬭[0m [38;2;32;41;70m [0m
 [38;2;0;0;0m  [0m [38;2;16;57;152;48;2;79;133;205m🬍[38;2;43;100;194;48;2;18;70;175m🬭[38;2;29;88;195;48;2;16;70;186m🬭[38;2;23;84;202;48;2;12;68;186m🬭[38;2;14;70;194;48;2;7;51;170m🬭[38;2;7;45;168;48;2;6;30;153m🬏[38;2;22;44;160;48;2;49;114;214m🬌[38;2;35;120;231;48;2;46;144;241m🬑[38;2;72;157;238;48;2;35;108;225m🬱[38;2;44;113;226;48;2;29;91;209m🬓[38;2;79;141;222;48;2;27;71;183m🬉[38;2;56;118;217;48;2;16;53;166m🬱[38;2;7;19;121;48;2;4;7;93m🬏[38;2;6;13;73;48;2;11;49;178m▌[38;2;12;59;194;48;2;18;88;215m🬏[38;2;22;98;217;48;2;29;114;224m🬓[38;2;38;128;227;48;2;34;121;226m🬩[38;2;28;106;223;48;2;37;122;225m🬁[38;2;21;72;198;48;2;27;94;218m🬞[38;2;51;94;209;48;2;31;74;200m🬞[38;2;28;60;162;48;2;38;82;217m🬀[38;2;53;94;217;48;2;28;78;222m🬋[38;2;51;107;226;48;2;37;79;221m🬂[38;2;33;67;212;48;2;44;93;228m🬱[38;2;54;92;220;48;2;31;68;213m🬇[38;2;112;164;220;48;2;38;82;223m🬭[38;2;112;148;217;48;2;23;64;187m🬅[38;2;43;65;182;48;2;9;17;126m🬀[38;2;32;45;139;48;2;15;39;136m🬄[38;2;9;33;128;48;2;11;46;143m🬱[38;2;71;123;189;48;2;11;40;134m🬞[38;2;17;40;128;48;2;132;186;224m🬀[38;2;89;118;181;48;2;8;20;102m🬀[38;2;6;17;68;48;2;49;107;193m🬄[38;2;61;104;178;48;2;84;153;229m🬞[38;2;54;99;177;48;2;8;15;97m🬆[38;2;4;14;78;48;2;5;21;102m🬭[38;2;5;19;100;48;2;5;13;83m🬂[38;2;44;88;165;48;2;13;38;113m🬦[38;2;73;117;190;48;2;107;148;211m▌[38;2;130;166;221;48;2;146;177;222m🬌[38;2;132;165;217;48;2;111;147;203m▌[38;2;88;122;178;48;2;73;106;163m▌[38;2;100;138;191;48;2;82;119;175m🬉[38;2;99;144;200;48;2;70;113;183m🬆[38;2;38;85;173;48;2;70;122;199m🬭[38;2;27;42;92;48;2;41;88;178m🬞[0m [38;2;27;29;47m [0m
 [38;2;0;0;0m  [38;2;91;147;232m🬦[38;2;99;166;237;48;2;81;133;199m🬱[38;2;56;121;211;48;2;88;144;211m🬏[38;2;58;116;202;48;2;104;161;224m🬂[38;2;98;158;228;48;2;57;120;212m🬱[38;2;71;134;226;48;2;36;97;208m🬱[38;2;69;138;219;48;2;38;95;203m🬦[38;2;54;141;242;48;2;96;187;250m🬉[38;2;44;123;228;48;2;18;81;189m🬏[38;2;10;43;141;48;2;78;169;238m🬱[38;2;49;76;153;48;2;97;177;245m🬭[38;2;113;185;235;48;2;33;85;194m🬱[38;2;70;127;202;48;2;14;36;138m🬑[38;2;5;6;90;48;2;52;97;176m🬑[38;2;60;95;159;48;2;11;15;62m🬏[38;2;46;57;121;48;2;19;58;170m🬏[38;2;89;117;198;48;2;26;85;200m🬞[38;2;85;119;214;48;2;33;100;214m🬭[38;2;87;131;221;48;2;45;105;220m🬏[38;2;80;132;219;48;2;30;85;221m🬭[38;2;95;145;213;48;2;21;70;211m🬋[38;2;92;134;201;48;2;28;70;202m🬃[38;2;70;102;206;48;2;19;59;187m🬀[38;2;74;130;200;48;2;13;53;185m🬞[38;2;98;162;220;48;2;21;59;186m🬖[38;2;106;161;217;48;2;9;61;178m🬆[38;2;73;115;197;48;2;7;49;152m🬀[38;2;8;48;152;48;2;5;30;116m🬀[38;2;5;17;100;48;2;5;8;85m▌[38;2;9;24;129;48;2;21;34;114m🬠[38;2;9;21;116;48;2;85;152;212m🬆[38;2;70;137;204;48;2;119;189;240m🬀[38;2;134;199;243;48;2;44;65;140m🬄[38;2;8;22;111;48;2;10;49;140m🬀[38;2;60;117;200;48;2;22;63;147m🬉[38;2;55;98;175;48;2;6;12;56m🬀[38;2;4;10;75;48;2;3;10;48m🬀[38;2;3;10;61;48;2;5;10;78m🬄[38;2;8;37;117;48;2;6;17;93m🬦[38;2;20;65;148;48;2;43;96;181m▌[38;2;68;123;202;48;2;94;149;216m▌[38;2;111;167;224;48;2;134;174;223m🬱[38;2;123;167;218;48;2;115;157;211m▌[38;2;96;134;189;48;2;61;93;149m▌[38;2;65;100;160;48;2;41;76;142m🬆[38;2;44;82;155;48;2;27;60;125m🬆[0m[7m[38;2;27;57;122m🬞[0m[38;2;26;48;103m🬀  [0m
 [38;2;0;0;0m [38;2;74;122;207m🬦[38;2;92;165;244;48;2;87;154;242m🬇[38;2;105;181;246;48;2;77;149;238m🬆[38;2;78;150;237;48;2;49;120;222m🬄[38;2;78;138;210;48;2;43;109;212m🬂[38;2;57;118;200;48;2;103;166;229m🬱[38;2;78;137;215;48;2;100;167;238m🬭[38;2;57;127;231;48;2;80;146;235m🬉[38;2;65;143;236;48;2;100;191;249m🬱[38;2;45;125;230;48;2;89;180;248m🬉[38;2;44;123;227;48;2;9;54;157m🬱[38;2;12;64;170;48;2;5;32;136m🬏[38;2;36;49;119;48;2;4;14;112m🬁[38;2;101;157;194;48;2;3;6;72m🬂[38;2;87;133;184;48;2;10;20;75m🬌[38;2;102;159;184;48;2;24;56;158m🬃[38;2;62;116;206;48;2;26;61;176m🬏[38;2;31;93;224;48;2;25;54;154m🬂[38;2;3;27;142;48;2;20;83;217m🬭[38;2;4;40;158;48;2;17;79;215m🬭[38;2;4;42;162;48;2;14;72;210m🬭[38;2;6;35;159;48;2;11;60;199m🬭[38;2;73;104;180;48;2;25;65;185m🬏[38;2;77;135;201;48;2;15;54;174m🬅[38;2;69;131;207;48;2;10;54;169m🬀[38;2;5;31;126;48;2;9;58;174m🬭[38;2;5;22;109;48;2;7;46;144m🬭[38;2;5;40;128;48;2;5;15;95m🬆[38;2;5;16;102;48;2;6;16;91m🬃[38;2;107;180;232;48;2;17;30;94m🬞[38;2;21;34;98;48;2;101;172;228m🬀[38;2;118;184;240;48;2;33;45;111m🬆[38;2;70;112;175;48;2;9;26;106m🬀[38;2;7;29;103;48;2;10;43;132m🬞[38;2;10;43;122;48;2;6;21;89m🬆[38;2;7;25;97;48;2;5;11;69m🬀[38;2;3;8;36;48;2;2;9;27m🬀[38;2;3;10;39;48;2;4;10;56m▌[38;2;8;29;112;48;2;5;11;80m🬞[38;2;11;42;128;48;2;31;86;179m🬆[38;2;36;92;181;48;2;68;131;210m🬀[38;2;88;154;221;48;2;95;161;222m🬄[38;2;84;150;218;48;2;99;166;226m🬭[38;2;63;126;204;48;2;102;163;222m🬭[38;2;77;121;183;48;2;24;50;108m▌[38;2;58;81;125;48;2;25;54;111m🬞[38;2;36;58;105;48;2;66;82;127m🬆[0m [38;2;26;31;45m   [0m
  [38;2;66;100;161;48;2;77;138;227m🬀[38;2;81;147;237;48;2;30;91;190m🬆[38;2;58;129;230;48;2;25;88;193m🬂[38;2;26;96;206;48;2;12;72;186m🬆[38;2;12;76;192;48;2;13;70;185m🬟[38;2;33;99;207;48;2;13;64;179m🬂[38;2;15;56;169;48;2;40;102;202m🬏[38;2;70;131;219;48;2;35;96;192m🬂[38;2;34;94;185;48;2;57;124;230m🬭[38;2;36;103;205;48;2;96;182;248m🬱[38;2;69;163;247;48;2;118;198;247m🬁[38;2;113;193;251;48;2;38;117;221m🬱[38;2;66;144;237;48;2;7;42;149m🬱[38;2;33;87;196;48;2;3;12;100m🬭[38;2;20;103;232;48;2;2;13;66m🬭[38;2;51;133;232;48;2;2;10;71m🬭[38;2;68;134;200;48;2;4;28;134m🬭[38;2;74;123;188;48;2;9;46;168m🬭[38;2;16;44;157;48;2;54;101;184m🬍[38;2;67;119;182;48;2;15;40;149m🬭[38;2;81;140;197;48;2;10;24;124m🬭[38;2;103;155;198;48;2;32;43;130m🬭[38;2;88;144;203;48;2;13;28;122m🬭[38;2;78;123;192;48;2;29;56;138m🬏[38;2;108;175;209;48;2;15;34;123m🬋[38;2;100;152;196;48;2;14;33;117m🬋[38;2;52;90;156;48;2;17;39;126m🬅[38;2;59;146;227;48;2;21;63;156m🬞[38;2;34;73;153;48;2;92;165;220m🬟[38;2;126;175;217;48;2;8;14;94m🬆[38;2;81;100;156;48;2;7;10;77m🬀[38;2;5;8;66;48;2;7;20;105m🬄[38;2;8;30;117;48;2;6;11;81m🬆[38;2;6;9;64;48;2;6;16;87m🬭[38;2;6;12;78;48;2;6;11;56m🬆[38;2;8;24;86;48;2;5;10;44m🬭[38;2;10;31;113;48;2;4;11;27m🬭[38;2;26;73;170;48;2;7;17;72m🬞[38;2;10;29;108;48;2;36;93;189m🬀[38;2;45;106;198;48;2;75;144;219m🬀[38;2;78;145;216;48;2;92;163;229m🬭[38;2;51;115;196;48;2;102;171;231m🬭[38;2;31;73;141;48;2;118;181;228m🬭[38;2;128;183;223;48;2;46;76;124m🬂[38;2;51;76;124;48;2;26;55;108m🬀[38;2;44;71;125;48;2;34;68;134m🬀[38;2;79;100;153;48;2;66;96;161m🬁[0m [38;2;28;30;39m   [0m
  [7m[38;2;22;63;137m🬱[0m[38;2;22;76;170;48;2;18;63;145m🬞[38;2;16;75;174;48;2;39;107;207m🬆[38;2;18;89;203;48;2;41;112;219m🬂[38;2;41;120;228;48;2;24;97;209m🬭[38;2;28;104;219;48;2;13;77;194m🬱[38;2;10;60;181;48;2;41;114;234m🬄[38;2;12;70;193;48;2;26;100;228m🬉[38;2;9;40;153;48;2;11;68;177m🬋[38;2;8;39;146;48;2;8;63;164m🬭[38;2;25;68;166;48;2;7;48;152m🬁[38;2;77;121;194;48;2;17;59;163m🬁[38;2;91;158;222;48;2;8;57;177m🬂[38;2;14;53;164;48;2;84;164;236m🬭[38;2;62;111;181;48;2;92;160;224m🬑[38;2;48;77;134;48;2;118;194;241m🬂[38;2;116;194;238;48;2;38;61;111m🬱[38;2;12;23;72;48;2;99;161;210m🬋[38;2;11;29;101;48;2;105;163;213m🬩[38;2;106;156;207;48;2;6;17;92m🬂[38;2;59;98;173;48;2;3;7;77m🬂[38;2;3;6;75;48;2;5;29;130m🬭[38;2;4;34;137;48;2;4;13;97m🬂[38;2;5;30;129;48;2;4;13;95m🬂[38;2;5;8;82;48;2;6;19;108m🬖[38;2;8;54;154;48;2;7;19;108m🬇[38;2;13;63;166;48;2;7;15;95m🬆[38;2;35;69;149;48;2;6;11;89m🬂[38;2;6;12;92;48;2;4;7;66m🬆[38;2;4;7;69;48;2;3;8;44m🬆[38;2;7;22;105;48;2;7;15;71m🬁[38;2;19;63;141;48;2;6;10;61m🬭[38;2;34;95;180;48;2;7;18;69m🬭[38;2;8;20;73;48;2;28;80;161m🬂[38;2;11;38;112;48;2;25;76;159m🬂[38;2;24;71;155;48;2;21;59;141m🬏[38;2;19;53;140;48;2;58;120;213m🬆[38;2;37;90;186;48;2;66;133;215m🬀[38;2;78;149;224;48;2;62;133;214m🬍[38;2;65;136;216;48;2;36;99;185m🬆[38;2;38;100;187;48;2;25;68;137m🬆[38;2;35;54;88;48;2;36;77;136m🬞[38;2;53;73;106;48;2;20;48;94m🬅[38;2;25;59;112;48;2;19;49;98m🬦[38;2;25;58;112;48;2;37;71;129m🬆[38;2;32;64;127;48;2;42;75;140m🬄[38;2;53;84;153;48;2;78;106;170m▌[0m [38;2;53;62;90m   [0m
 [38;2;0;0;0m [0m [38;2;39;75;151;48;2;75;140;233m🬄[38;2;53;119;220;48;2;97;164;239m🬂[38;2;63;133;232;48;2;93;165;239m🬂[38;2;65;140;232;48;2;80;159;237m🬀[38;2;47;128;232;48;2;68;151;238m🬁[38;2;42;120;227;48;2;48;131;234m🬀[38;2;48;139;241;48;2;40;129;240m🬦[38;2;38;122;231;48;2;70;156;242m🬂[38;2;18;85;197;48;2;57;136;235m🬂[38;2;36;104;216;48;2;10;57;163m🬱[38;2;10;35;130;48;2;16;63;170m🬈[38;2;21;80;194;48;2;18;99;223m🬑[38;2;16;93;215;48;2;8;65;187m🬭[38;2;9;70;190;48;2;7;50;159m🬱[38;2;8;56;171;48;2;7;33;129m🬱[38;2;7;46;151;48;2;14;31;111m🬭[38;2;25;33;78;48;2;9;27;106m🬁[38;2;24;41;103;48;2;8;19;81m🬁[38;2;20;47;142;48;2;2;8;57m🬂[38;2;15;48;142;48;2;2;5;51m🬂[38;2;8;28;111;48;2;3;8;44m🬌[38;2;12;49;135;48;2;3;5;49m🬋[38;2;9;33;93;48;2;4;11;60m🬃[38;2;7;20;85;48;2;3;5;49m🬭[38;2;36;57;100;48;2;7;13;58m🬞[38;2;62;100;152;48;2;2;6;45m🬭[38;2;92;158;235;48;2;11;20;53m🬭[38;2;9;15;37;48;2;89;150;225m🬂[38;2;34;68;126;48;2;92;157;229m🬂[38;2;41;106;196;48;2;85;148;217m🬂[38;2;46;98;173;48;2;60;125;204m🬞[38;2;55;119;199;48;2;31;78;149m🬆[38;2;39;92;170;48;2;19;51;114m🬆[38;2;76;145;214;48;2;25;64;133m🬞[38;2;39;76;146;48;2;79;147;220m🬀[38;2;42;105;192;48;2;73;143;220m🬭[38;2;58;128;211;48;2;35;89;171m🬆[38;2;41;69;113;48;2;37;90;167m🬞[38;2;40;65;106;48;2;38;80;144m🬭[38;2;44;67;111;48;2;10;26;70m🬂[38;2;8;26;70;48;2;9;35;79m🬀[38;2;23;52;98;48;2;15;43;87m🬇[38;2;18;46;93;48;2;22;52;100m🬋[38;2;38;72;129;48;2;23;55;107m🬉[38;2;41;76;135;48;2;51;86;149m🬏[38;2;67;98;163;48;2;57;90;153m🬉[0m [38;2;56;68;99m   [0m
 [38;2;0;0;0m [0m  [7m[38;2;65;127;207m🬱[0m[38;2;40;85;159;48;2;60;125;213m🬏[38;2;45;113;210;48;2;67;145;232m🬱[38;2;51;121;218;48;2;65;143;234m🬭[38;2;60;140;235;48;2;50;123;224m🬆[38;2;44;119;225;48;2;50;135;234m🬃[38;2;80;162;239;48;2;59;148;238m🬁[38;2;67;152;237;48;2;83;163;240m🬭[38;2;51;126;231;48;2;74;149;234m🬁[38;2;77;149;234;48;2;38;107;217m🬱[38;2;22;79;199;48;2;50;118;221m🬈[38;2;27;70;176;48;2;36;112;222m🬞[38;2;32;79;181;48;2;33;110;218m🬏[38;2;14;83;201;48;2;50;128;230m🬂[38;2;12;74;185;48;2;53;130;230m🬂[38;2;13;69;170;48;2;59;131;229m🬂[38;2;12;62;157;48;2;68;142;233m🬂[38;2;14;62;155;48;2;75;147;236m🬂[38;2;20;66;160;48;2;85;156;237m🬂[38;2;32;74;151;48;2;73;138;219m🬁[38;2;38;79;143;48;2;88;150;219m🬀[38;2;52;92;158;48;2;107;163;225m🬀[38;2;85;131;193;48;2;124;178;235m🬀[38;2;138;192;241;48;2;110;169;235m🬍[38;2;131;151;175;48;2;148;200;244m🬞[38;2;52;51;73;48;2;161;197;237m🬭[38;2;109;156;214;48;2;25;48;98m🬆[38;2;63;115;187;48;2;23;58;115m🬂[38;2;40;89;162;48;2;21;59;118m🬂[38;2;15;46;104;48;2;26;65;125m🬚[38;2;25;66;120;48;2;13;39;97m🬭[38;2;13;37;100;48;2;38;85;144m🬆[38;2;39;75;128;48;2;56;113;188m🬭[38;2;17;44;95;48;2;42;95;172m🬭[38;2;40;84;151;48;2;12;40;91m🬆[38;2;37;69;119;48;2;11;41;88m🬂[38;2;64;92;124;48;2;19;49;91m🬞[38;2;53;79;112;48;2;19;38;76m🬄[38;2;9;32;76;48;2;11;37;75m🬆[38;2;14;41;82;48;2;11;37;77m🬉[38;2;18;47;90;48;2;15;42;82m🬉[38;2;18;47;93;48;2;20;50;94m🬅[38;2;18;50;99;48;2;19;53;105m🬆[38;2;63;99;155;48;2;23;57;111m🬁[0m[7m[38;2;68;95;144m🬞[0m [38;2;41;49;71m   [0m
 [38;2;0;0;0m    [38;2;43;74;128m🬁[7m[38;2;39;93;175m🬱[0m[38;2;51;89;144;48;2;40;102;191m🬏[38;2;41;115;215;48;2;31;98;193m🬂[38;2;39;113;214;48;2;28;93;190m🬆[38;2;28;88;184;48;2;53;137;230m🬏[38;2;58;146;235;48;2;56;135;230m🬀[38;2;68;146;234;48;2;78;154;234m🬓[38;2;74;145;229;48;2;79;152;234m🬇[38;2;73;140;227;48;2;81;152;233m🬏[38;2;79;147;231;48;2;54;118;223m🬱[38;2;28;79;188;48;2;59;125;222m🬁[38;2;28;66;157;48;2;44;109;214m🬂[38;2;14;42;134;48;2;45;105;204m🬋[38;2;68;136;228;48;2;22;59;152m🬂[38;2;14;41;112;48;2;64;130;217m🬭[38;2;28;59;125;48;2;61;127;221m🬭[38;2;41;80;150;48;2;60;121;207m🬏[38;2;49;95;166;48;2;70;130;212m🬏[38;2;56;103;178;48;2;82;139;215m🬏[38;2;56;97;166;48;2;73;129;207m🬏[38;2;41;69;125;48;2;95;158;232m🬭[38;2;97;156;220;48;2;10;23;80m🬆[38;2;37;49;86;48;2;6;17;74m🬀[38;2;6;11;68;48;2;7;22;83m🬂[38;2;7;12;72;48;2;7;25;82m🬂[38;2;7;13;70;48;2;7;28;81m🬂[38;2;7;29;79;48;2;8;20;67m🬓[38;2;20;42;84;48;2;9;26;73m🬁[38;2;12;47;104;48;2;13;39;86m🬞[38;2;21;70;137;48;2;12;39;87m🬭[38;2;22;76;151;48;2;9;38;93m🬭[38;2;18;66;138;48;2;9;42;97m🬭[38;2;18;58;119;48;2;11;44;95m🬭[38;2;67;96;129;48;2;22;55;100m🬞[38;2;52;80;113;48;2;13;32;67m🬆[38;2;9;30;68;48;2;13;38;74m🬆[38;2;16;41;77;48;2;10;35;71m🬭[38;2;25;50;89;48;2;18;44;81m🬞[38;2;32;58;99;48;2;20;45;83m🬦[38;2;48;75;119;48;2;23;50;92m🬭[0m[7m[38;2;32;60;107m🬞[0m[38;2;22;61;132m🬂[0m [38;2;28;36;60m    [0m
 [38;2;0;0;0m      [0m [38;2;47;94;159m🬂[7m[38;2;40;91;171m🬭[0m[38;2;49;75;118;48;2;41;91;175m🬏[38;2;46;92;171;48;2;57;127;223m🬱[38;2;68;125;207;48;2;60;129;223m🬏[38;2;50;111;205;48;2;63;132;225m🬭[38;2;52;117;214;48;2;75;143;228m🬱[38;2;57;122;217;48;2;76;146;229m🬏[38;2;60;117;207;48;2;74;141;227m🬞[38;2;58;119;214;48;2;75;139;221m🬣[38;2;49;106;200;48;2;54;117;213m🬏[38;2;30;88;190;48;2;40;101;200m🬁[38;2;21;76;167;48;2;31;89;183m🬁[38;2;12;56;135;48;2;29;87;174m🬂[38;2;23;76;160;48;2;10;43;112m🬱[38;2;17;60;137;48;2;7;36;100m🬱[38;2;12;53;122;48;2;6;31;92m🬭[38;2;10;45;105;48;2;7;32;89m🬭[38;2;10;43;100;48;2;7;33;88m🬭[38;2;7;33;89;48;2;9;43;99m🬆[38;2;7;35;89;48;2;10;42;96m🬂[38;2;13;46;97;48;2;8;37;89m🬭[38;2;11;37;82;48;2;9;41;92m🬞[38;2;8;39;90;48;2;5;15;53m🬆[38;2;14;56;125;48;2;6;22;67m🬞[38;2;12;46;104;48;2;29;85;158m🬆[38;2;18;66;130;48;2;37;97;166m🬀[38;2;35;89;163;48;2;38;95;170m🬀[38;2;37;97;172;48;2;26;79;157m🬄[38;2;22;73;149;48;2;25;68;130m🬆[38;2;63;94;129;48;2;29;64;112m🬖[38;2;65;93;126;48;2;16;37;73m🬀[38;2;22;47;84;48;2;11;34;71m🬭[38;2;36;61;99;48;2;19;44;80m🬭[38;2;28;54;91;48;2;51;76;114m🬆[38;2;41;67;106;48;2;63;89;126m🬆[0m[7m[38;2;58;82;118m🬞[0m[38;2;62;83;117m🬂[0m [38;2;22;23;30m      [0m
 [38;2;0;0;0m         [0m  [38;2;61;93;148m🬂[7m[38;2;59;107;175m🬱[38;2;64;122;197m🬏[0m[38;2;51;87;145;48;2;104;163;220m🬞[38;2;69;122;196;48;2;21;55;121m🬆[38;2;24;65;141;48;2;45;99;187m🬱[38;2;23;68;151;48;2;35;89;182m🬱[38;2;22;67;151;48;2;33;89;179m🬭[38;2;22;69;151;48;2;30;84;171m🬱[38;2;20;66;141;48;2;28;82;166m🬭[38;2;24;68;141;48;2;29;81;161m🬱[38;2;27;75;152;48;2;26;69;139m🬈[38;2;22;70;145;48;2;23;63;127m🬄[38;2;37;70;119;48;2;18;57;118m🬭[38;2;32;63;111;48;2;16;53;110m🬱[38;2;22;45;85;48;2;22;57;109m🬞[38;2;22;55;106;48;2;14;39;85m🬆[38;2;27;59;106;48;2;10;33;79m🬀[38;2;17;49;107;48;2;6;23;68m🬭[38;2;11;37;93;48;2;33;83;152m🬆[38;2;22;72;143;48;2;37;92;165m🬀[38;2;35;87;163;48;2;38;97;170m🬭[38;2;42;100;172;48;2;27;74;150m🬂[38;2;27;75;152;48;2;17;59;128m🬆[38;2;56;86;127;48;2;22;61;123m🬞[38;2;62;91;128;48;2;33;61;106m🬅[38;2;21;47;89;48;2;25;50;89m🬃[38;2;23;49;88;48;2;41;66;105m🬂[0m[7m[38;2;46;70;105m🬞[38;2;56;81;116m🬭[0m[38;2;67;90;125m🬂[38;2;51;62;83m🬀         [0m
 [38;2;0;0;0m              [0m [38;2;26;48;95m🬂[38;2;23;59;124m🬂[7m[38;2;26;54;106m🬭[38;2;24;54;110m🬭[38;2;23;54;108m🬭[38;2;33;64;119m🬭[0m[38;2;46;66;110;48;2;48;84;148m🬏[38;2;45;79;132;48;2;57;96;166m🬂[38;2;43;78;132;48;2;45;82;149m🬂[38;2;33;63;120;48;2;39;75;138m🬂[38;2;22;53;106;48;2;36;71;130m🬁[38;2;40;75;133;48;2;27;58;110m🬱[38;2;41;77;136;48;2;25;56;111m🬭[38;2;42;80;141;48;2;24;56;114m🬭[38;2;32;74;141;48;2;51;100;168m🬄[38;2;35;85;161;48;2;42;92;165m🬞[38;2;25;65;140;48;2;38;89;165m🬭[38;2;28;75;148;48;2;17;53;117m🬆[38;2;20;38;67;48;2;15;52;111m🬞[0m[7m[38;2;24;55;102m🬭[0m[38;2;43;69;110m🬂[38;2;35;58;100m🬂[38;2;39;55;82m🬂[0m [38;2;34;42;58m             [0m
 [38;2;0;0;0m                     [0m [38;2;46;68;109m🬂[7m[38;2;53;87;149m🬱[38;2;50;85;151m🬭[0m[38;2;46;71;121;48;2;47;85;148m🬏[38;2;46;83;144;48;2;50;87;154m🬁[38;2;46;80;143;48;2;49;87;154m🬀[38;2;50;87;149;48;2;64;101;161m🬀[0m[7m[38;2;69;116;173m🬞[38;2;28;70;138m🬭[38;2;23;50;103m🬭[0m[38;2;22;45;85m🬂[0m [38;2;23;27;38m                  [0m
 [38;2;0;0;0m                         [0m   [38;2;38;56;88m🬀[0m [38;2;22;23;30m                      [0m
[?25h