[?25l[0m [38;2;0;0;0m                                   [0m
 [38;2;0;0;0m      [38;2;71;45;80m🬦[38;2;63;41;70m🬱[0m [38;2;30;27;36m                [0m [7m[38;2;53;35;59m🬆[0m[38;2;68;39;82m🬓       [0m
 [38;2;0;0;0m      [7m[38;2;60;38;61m▌[0m[38;2;59;36;59;48;2;65;40;67m🬦[38;2;40;31;44;48;2;62;38;63m🬁[0m[38;2;54;36;55m🬱[0m [38;2;22;23;30m             [38;2;62;39;64m🬞[7m[38;2;60;37;61m🬀[0m[38;2;64;39;68;48;2;61;37;60m🬂[0m[38;2;66;39;69m▌       [0m
 [38;2;0;0;0m      [38;2;43;32;45m🬉[38;2;60;37;56;48;2;67;44;65m🬉[38;2;60;39;55;48;2;57;35;52m🬏[38;2;67;43;69;48;2;57;36;54m🬁[0m[7m[38;2;63;40;62m🬁[0m[38;2;53;37;53m🬏          [0m [7m[38;2;67;41;64m🬆[0m[38;2;66;41;67;48;2;58;35;55m🬀[38;2;59;36;53;48;2;57;34;53m🬞[38;2;58;36;55;48;2;66;41;64m🬄[0m[38;2;53;35;54m▌       [0m
 [38;2;0;0;0m      [0m [38;2;44;33;45;48;2;67;44;64m🬏[38;2;66;43;55;48;2;68;44;59m🬉[38;2;67;45;54;48;2;59;37;52m🬱[38;2;62;41;51;48;2;58;36;54m🬏[38;2;59;40;58;48;2;67;43;63m🬁[0m[38;2;60;42;60m🬱[0m [38;2;22;23;30m       [38;2;72;45;68m🬞[38;2;46;32;47;48;2;69;43;64m🬀[38;2;63;40;59;48;2;58;35;53m🬀[38;2;58;35;51;48;2;67;44;54m🬆[38;2;64;41;53;48;2;69;43;56m🬀[38;2;61;39;58;48;2;69;43;64m🬞[0m [38;2;33;27;37m       [0m
 [38;2;0;0;0m       [7m[38;2;68;45;64m▌[0m[38;2;68;44;58;48;2;73;47;66m🬠[38;2;72;47;58;48;2;69;46;55m🬓[38;2;70;47;55;48;2;61;39;52m▌[38;2;56;36;52;48;2;56;35;52m🬇[38;2;62;40;56;48;2;76;51;70m🬓[0m[38;2;76;52;72m🬓      [38;2;64;43;62m🬦[38;2;79;52;74;48;2;72;47;66m🬃[38;2;61;38;56;48;2;56;34;52m🬀[38;2;56;35;50;48;2;69;46;55m▌[38;2;72;46;58m🬞[38;2;68;42;64;48;2;70;44;59m🬞[0m[7m[38;2;66;41;62m🬦[0m[38;2;30;26;35m        [0m
 [38;2;0;0;0m       [0m [7m[38;2;74;50;67m🬏[0m[38;2;72;48;61;48;2;59;38;54m🬑[38;2;70;47;56;48;2;56;35;45m🬄[38;2;61;51;81;48;2;54;35;49m🬞[38;2;66;58;98;48;2;57;38;48m🬭[38;2;54;40;54;48;2;66;54;85m🬁[0m[7m[38;2;66;58;98m🬂[38;2;65;57;100m🬂[38;2;58;50;88m🬂[0m[38;2;59;48;89m🬭[38;2;47;33;50m🬭[38;2;46;33;44m🬭[7m[38;2;80;52;68m▌[0m[38;2;77;53;64;48;2;57;36;51m▌[38;2;56;35;52;48;2;55;33;51m▌[38;2;68;45;54;48;2;56;33;51m🬉[38;2;71;45;60;48;2;59;36;53m🬟[38;2;49;35;49;48;2;73;46;68m🬞[0m[38;2;55;36;53m🬀        [0m
 [38;2;0;0;0m        [38;2;63;51;79m🬞[38;2;65;46;62;48;2;70;58;90m🬁[38;2;65;55;87;48;2;67;59;100m🬀[48;2;67;59;99m [38;2;67;59;99;48;2;68;60;100m🬂🬂[38;2;67;58;99m🬀[38;2;68;60;100;48;2;67;59;99m🬭[38;2;62;56;98;48;2;67;59;100m🬁[38;2;45;38;77;48;2;60;53;93m🬧[38;2;52;45;84;48;2;45;36;70m🬣[38;2;52;33;45;48;2;53;37;61m🬦[38;2;62;39;47;48;2;66;43;54m🬁[38;2;58;35;41;48;2;69;46;54m🬂[38;2;54;32;41;48;2;65;42;53m🬈[38;2;55;37;48;48;2;59;35;53m🬞[0m[38;2;67;43;62m🬆[38;2;46;34;47m🬀         [0m
 [38;2;0;0;0m       [38;2;56;40;62m🬦[38;2;62;49;76;48;2;72;63;107m🬀[38;2;70;62;104;48;2;68;60;100m🬀[48;2;67;59;99m [38;2;67;59;99;48;2;67;60;100m🬄[38;2;67;60;100;48;2;68;60;100m🬀   🬞[38;2;63;57;95;48;2;45;39;76m▌[38;2;51;45;82;48;2;45;39;74m🬉[38;2;43;32;58;48;2;43;36;72m🬁[38;2;57;37;41;48;2;69;46;53m🬏[38;2;78;51;59;48;2;73;48;57m🬱[38;2;74;49;58;48;2;79;51;60m🬂[38;2;82;56;68;48;2;81;54;64m🬇[0m[7m[38;2;75;52;66m🬁[0m[38;2;50;36;49m🬏         [0m
 [38;2;0;0;0m [0m [38;2;58;45;57m🬋[38;2;70;55;68;48;2;53;39;49m🬢[0m[7m[38;2;83;66;84m🬂[0m[38;2;82;65;83m🬱[38;2;56;48;60m🬭[38;2;45;35;50;48;2;53;41;72m🬀[38;2;51;43;83;48;2;69;61;102m🬱[38;2;60;52;93;48;2;66;59;99m🬏[38;2;67;59;100;48;2;67;59;99m🬁[38;2;67;59;99;48;2;67;60;100m🬏[48;2;68;60;100m  [38;2;67;60;100m🬞[38;2;59;53;91;48;2;67;60;100m🬞[38;2;66;59;99;48;2;47;41;78m🬆[38;2;50;42;80;48;2;44;38;75m🬞[38;2;53;46;80;48;2;46;39;76m🬃[38;2;56;37;46;48;2;44;36;69m🬦[38;2;63;40;44;48;2;85;57;61m▌[38;2;92;62;68;48;2;85;56;62m🬭[38;2;69;44;54;48;2;84;56;62m🬧[38;2;77;51;58;48;2;87;59;65m🬏[38;2;90;60;68;48;2;93;63;73m▌[0m[7m[38;2;89;61;76m🬁[0m [38;2;26;25;32m        [0m
 [38;2;0;0;0m [0m [38;2;77;55;71m🬋[38;2;78;58;71;48;2;46;36;43m🬩[38;2;67;55;64;48;2;81;66;80m🬀[38;2;89;74;91;48;2;94;80;101m▌[38;2;77;78;120;48;2;86;72;93m🬞[38;2;92;107;182;48;2;61;49;72m🬭[38;2;93;108;183;48;2;53;48;86m🬭[38;2;84;95;161;48;2;46;40;77m🬭[38;2;56;52;98;48;2;50;43;82m🬏[38;2;61;54;94;48;2;45;39;77m🬂[38;2;63;56;96;48;2;44;38;75m🬂[38;2;59;51;91m🬂[38;2;53;47;85;48;2;45;39;76m🬀[38;2;46;39;74;48;2;44;37;75m🬞[38;2;50;42;79m🬖[38;2;49;43;78;48;2;46;39;76m🬀[38;2;81;52;55;48;2;46;35;67m🬞[38;2;95;61;59;48;2;79;50;56m🬞[38;2;200;178;163;48;2;81;50;52m🬱[38;2;102;58;64;48;2;104;68;73m🬏[38;2;81;54;62;48;2;96;64;69m🬉[38;2;85;57;64;48;2;66;42;53m🬉[38;2;93;64;69;48;2;91;62;68m🬁[38;2;94;64;75;48;2;97;66;83m▌[0m[38;2;50;37;48m🬏        [0m
 [38;2;0;0;0m  [0m [7m[38;2;79;55;68m🬂[0m[38;2;76;57;66;48;2;86;68;84m🬀[38;2;79;79;110;48;2;99;121;196m▌[38;2;99;119;201;48;2;71;69;131m🬆[38;2;77;79;142;48;2;93;106;187m🬭[38;2;66;59;130;48;2;88;100;169m🬂[38;2;98;118;198;48;2;75;76;139m🬇[38;2;68;65;139;48;2;86;96;164m🬇[38;2;91;102;171;48;2;57;51;95m🬏[38;2;56;49;85;48;2;47;41;79m🬱[38;2;52;45;83;48;2;47;41;78m🬖[38;2;49;44;81;48;2;46;39;77m🬃[38;2;60;47;72;48;2;47;40;75m🬞[38;2;85;60;67;48;2;46;38;73m🬭[38;2;54;38;60;48;2;99;66;68m🬂[38;2;122;87;81;48;2;99;62;64m🬞[38;2;109;72;71;48;2;214;190;175m🬄[38;2;210;183;171;48;2;247;228;211m🬋[38;2;103;59;65;48;2;209;185;171m🬁[38;2;169;142;131;48;2;101;62;67m🬏[38;2;83;47;58;48;2;76;48;57m🬏[38;2;91;62;67;48;2;92;62;69m🬄[38;2;91;62;73;48;2;93;63;80m▌[0m[38;2;57;43;56m🬄        [0m
 [38;2;0;0;0m   [0m [38;2;52;42;49m🬠[38;2;87;86;123;48;2;100;116;184m🬐[38;2;86;92;158;48;2;67;60;123m🬱[38;2;78;87;159;48;2;67;63;125m🬞[38;2;91;104;175;48;2;71;70;133m🬈[38;2;76;71;144;48;2;92;108;181m🬁[38;2;97;115;188;48;2;68;51;72m🬁[38;2;81;86;141;48;2;68;47;64m🬆[38;2;61;50;82;48;2;56;35;41m🬂[38;2;57;35;39;48;2;64;48;68m🬚[38;2;68;50;64;48;2;96;66;68m🬂[38;2;111;73;74;48;2;101;69;70m🬦[38;2;125;70;73;48;2;115;74;76m🬞[38;2;243;223;205;48;2;130;86;85m🬞[38;2;148;112;103;48;2;243;222;205m🬀[38;2;241;219;201;48;2;123;72;94m🬆[38;2;243;221;205;48;2;101;51;87m🬂[38;2;244;225;208;48;2;125;89;102m🬂[38;2;120;86;77;48;2;233;212;196m🬓[38;2;162;136;126;48;2;106;70;74m🬄[38;2;95;63;68;48;2;92;62;68m▌[38;2;83;53;64;48;2;91;60;73m🬞[0m[38;2;56;41;52m▌        [0m
 [38;2;0;0;0m   [0m [38;2;71;56;66m🬠[38;2;75;57;65m🬂[38;2;61;56;59;48;2;75;69;95m🬃[38;2;90;100;176;48;2;78;80;134m🬩[38;2;66;56;129;48;2;83;87;149m🬍[38;2;86;93;169;48;2;75;65;88m🬆[38;2;80;83;156;48;2;62;50;81m🬋[38;2;68;64;88;48;2;65;45;55m🬃[38;2;58;36;44;48;2;84;57;61m🬱[38;2;63;36;43;48;2;88;58;63m🬭[38;2;81;45;51;48;2;99;64;69m🬭[38;2;149;107;99;48;2;104;57;61m🬞[38;2;128;78;79;48;2;235;213;196m🬀[38;2;253;234;217;48;2;252;233;216m🬇[38;2;246;223;209m🬁[38;2;208;130;181;48;2;247;216;217m🬂[38;2;163;97;155;48;2;249;219;230m🬂[38;2;211;179;186;48;2;241;201;212m🬁[38;2;148;109;103;48;2;225;200;184m🬟[38;2;105;73;69;48;2;97;61;66m🬀[38;2;92;62;66;48;2;89;59;65m🬃[38;2;81;53;59;48;2;62;38;45m🬌[0m[7m[38;2;75;50;63m🬁[0m[38;2;70;49;62m🬚[0m [38;2;83;59;80m🬞[0m [38;2;41;35;47m    [0m
 [38;2;0;0;0m  [0m [7m[38;2;74;55;71m🬂[0m[38;2;79;56;69m🬁[38;2;57;45;49;48;2;72;52;57m🬃[38;2;67;45;47;48;2;77;54;60m🬂[38;2;52;30;27;48;2;70;47;54m🬀[38;2;65;43;45;48;2;54;33;41m🬆[38;2;71;47;51;48;2;58;36;41m🬢[38;2;78;52;58;48;2;55;35;42m🬭[38;2;54;33;39;48;2;70;46;53m🬀[38;2;84;56;60;48;2;70;47;55m🬭[38;2;103;66;70;48;2;87;55;60m🬇[38;2;245;224;207;48;2;124;82;82m🬞[38;2;136;90;84;48;2;247;227;210m🬀[38;2;239;205;190;48;2;248;226;210m🬞[38;2;239;206;190;48;2;249;227;210m🬏[38;2;252;233;216;48;2;251;233;215m🬃[38;2;251;220;203;48;2;252;230;214m🬁[38;2;177;138;128;48;2;246;212;198m🬦[38;2;225;190;177;48;2;118;78;75m🬀[38;2;104;63;65;48;2;85;51;57m🬀[38;2;68;42;44;48;2;87;57;63m🬖[38;2;70;46;47;48;2;55;33;34m▌[38;2;54;32;44;48;2;55;34;49m🬏[38;2;68;46;58;48;2;57;34;52m🬁[38;2;50;41;45;48;2;72;49;60m🬁[0m[7m[38;2;77;53;70m🬂[0m[38;2;82;57;77m🬆[0m [38;2;28;27;35m    [0m
 [38;2;0;0;0m   [38;2;71;53;64m🬁[38;2;84;61;73m🬂[7m[38;2;65;49;57m🬭[0m[38;2;67;45;58m🬂[38;2;52;42;43;48;2;72;50;60m🬃[38;2;65;42;52;48;2;70;49;66m🬂[38;2;59;39;48;48;2;62;41;58m🬁[38;2;58;36;43;48;2;66;43;61m🬂[38;2;61;38;45;48;2;64;42;59m🬂[38;2;62;35;41;48;2;63;39;50m🬁[38;2;190;167;151;48;2;80;49;54m🬠[38;2;104;62;53;48;2;237;201;191m🬋[38;2;156;114;107;48;2;224;195;183m🬢[38;2;92;66;75;48;2;248;228;211m🬭[38;2;97;71;82;48;2;248;228;212m🬭[38;2;160;118;111;48;2;227;196;185m🬖[38;2;112;67;58;48;2;241;203;193m🬋[38;2;210;187;169;48;2;110;77;77m🬐[38;2;79;47;53;48;2;62;37;48m🬀[38;2;55;32;39;48;2;67;46;53m▌[38;2;59;37;45;48;2;70;47;53m🬞[38;2;56;36;41;48;2;62;41;56m🬀[38;2;62;41;51;48;2;68;47;64m🬂[38;2;84;61;74;48;2;58;38;46m🬱[0m[38;2;55;36;51m🬂[38;2;48;35;49m🬀  [0m [38;2;22;23;30m   [0m
 [38;2;0;0;0m  [38;2;85;68;87m🬦[38;2;94;73;94m🬏[0m [38;2;70;57;63m🬞[7m[38;2;84;65;77m🬀[0m[38;2;88;67;83;48;2;79;58;77m🬐[38;2;55;44;50;48;2;67;47;65m🬞[38;2;61;40;54;48;2;71;49;66m🬄[38;2;69;45;64;48;2;72;50;67m🬁[38;2;68;44;59;48;2;67;45;61m🬞[38;2;82;39;60;48;2;59;42;47m🬞[38;2;190;172;159;48;2;78;56;63m🬁[38;2;183;154;149;48;2;60;50;74m🬂[38;2;165;133;147;48;2;63;54;83m🬂[38;2;74;77;128;48;2;98;114;195m🬭[38;2;74;78;132;48;2;98;115;197m🬭[38;2;167;130;138;48;2;63;54;84m🬂[38;2;182;152;146;48;2;61;48;70m🬂[38;2;155;137;131;48;2;82;53;59m🬂[38;2;145;87;102;48;2;72;50;53m🬏[38;2;91;41;62;48;2;71;44;54m🬏[38;2;61;40;47;48;2;70;48;64m🬀[38;2;66;44;62;48;2;72;50;68m🬉[38;2;49;38;51;48;2;65;45;62m🬞[38;2;87;62;81;48;2;78;56;76m🬁[0m[7m[38;2;88;66;82m🬁[0m[38;2;85;67;79m🬭[0m  [38;2;99;73;99;48;2;57;46;61m🬏[0m[38;2;99;73;99m   [0m
 [38;2;0;0;0m  [0m [7m[38;2;92;73;90m🬱[38;2;105;81;101m🬭[38;2;100;76;96m🬭[38;2;82;63;80m🬏[38;2;66;51;64m🬋[38;2;65;48;62m🬄[0m[38;2;76;54;73;48;2;83;60;78m🬂[38;2;118;40;75;48;2;73;48;62m🬞[38;2;213;186;174;48;2;117;46;73m🬦[38;2;181;142;140;48;2;234;204;196m🬂[38;2;164;134;122;48;2;132;83;92m🬃[38;2;84;46;75;48;2;62;52;94m🬄[38;2;58;53;93;48;2;60;54;95m🬭[38;2;58;53;94;48;2;60;55;96m🬭🬭[38;2;56;51;92;48;2;59;54;95m🬞[38;2;94;48;85;48;2;66;53;95m🬁[38;2;177;145;135;48;2;136;72;93m🬉[38;2;248;220;212;48;2;233;205;196m🬇[38;2;173;139;131;48;2;126;60;85m🬓[38;2;93;41;66;48;2;69;47;61m🬓[38;2;78;56;73;48;2;82;61;80m🬆[0m[7m[38;2;73;52;73m🬉[0m[38;2;56;43;56m🬑[38;2;52;44;53;48;2;79;58;78m🬢[0m[7m[38;2;90;67;90m🬭[38;2;100;76;100m🬭[0m[38;2;100;77;100m🬆[38;2;75;58;77m🬀   [0m
 [38;2;0;0;0m      [0m [7m[38;2;81;64;78m🬱[38;2;87;67;87m🬭[38;2;80;61;79m🬭[38;2;80;48;67m🬭[0m[38;2;46;40;47;48;2;119;62;85m🬏[38;2;194;156;152;48;2;116;62;94m🬀[38;2;131;69;75;48;2;83;56;87m🬌[38;2;149;125;123;48;2;76;57;83m🬞[38;2;159;144;135;48;2;56;50;90m🬭[38;2;132;117;123;48;2;56;51;91m🬭[38;2;76;58;79;48;2;59;52;89m🬏[38;2;63;53;84;48;2;57;51;91m🬏[38;2;119;97;85;48;2;62;53;87m🬇[38;2;91;75;73;48;2;88;49;76m🬃[38;2;145;77;99;48;2;110;57;71m🬁[0m[7m[38;2;106;44;76m🬞[0m[38;2;67;47;63m🬆[7m[38;2;80;59;82m🬱[38;2;84;63;86m🬭[0m[38;2;87;66;88m🬆[38;2;70;55;72m🬀       [0m
 [38;2;0;0;0m          [0m [7m[38;2;65;49;81m🬄[0m[38;2;81;50;92;48;2;53;45;90m🬍[38;2;82;48;87;48;2;54;45;88m🬋[38;2;79;48;89;48;2;56;43;84m🬅[38;2;102;90;107;48;2;65;46;86m🬁[38;2;129;104;119;48;2;72;54;91m🬁[38;2;117;71;83;48;2;71;48;81m🬀[38;2;104;64;65;48;2;65;42;85m🬂[38;2;86;53;64;48;2;52;40;77m🬆[38;2;123;85;80;48;2;106;71;68m🬞[38;2;120;86;78;48;2;73;50;72m🬏[0m[7m[38;2;62;44;83m🬁[0m [38;2;33;30;38m           [0m
 [38;2;0;0;0m         [0m [7m[38;2;58;49;59m🬀[0m[38;2;64;49;59;48;2;71;59;78m🬖[38;2;61;53;59;48;2;65;58;69m🬓[38;2;98;81;78;48;2;63;55;66m🬞[38;2;151;137;128;48;2;83;69;74m🬃[38;2;74;58;60;48;2;58;51;66m🬞[38;2;61;51;49;48;2;71;60;67m🬞[38;2;48;42;43;48;2;73;61;68m🬓[38;2;73;57;60;48;2;57;50;66m🬏[38;2;140;125;118;48;2;80;68;73m🬇[38;2;96;84;81;48;2;84;67;68m🬃[38;2;90;61;61;48;2;125;102;101m🬁[0m[7m[38;2;70;59;74m🬭[38;2;55;45;59m🬁[0m [38;2;22;23;30m          [0m
 [38;2;0;0;0m           [0m [7m[38;2;55;51;63m🬏[0m[38;2;56;49;61;48;2;66;54;63m🬩[38;2;101;63;71;48;2;128;81;92m🬏[38;2;126;80;94;48;2;132;86;96m🬦[0m[38;2;112;72;83m▌[7m[38;2;100;63;71m▌[0m[38;2;121;77;89;48;2;130;84;94m▌[38;2;107;66;76;48;2;128;81;92m🬞[38;2;95;59;62;48;2;57;47;62m🬀[0m[7m[38;2;54;47;66m🬞[0m [38;2;31;29;37m            [0m
 [38;2;0;0;0m             [38;2;54;51;69m🬁[38;2;48;38;44;48;2;89;56;72m🬏[38;2;90;59;83;48;2;114;68;90m🬭[0m[38;2;75;50;59m▌[7m[38;2;65;43;50m▌[0m[38;2;86;57;80;48;2;110;65;86m🬭[38;2;49;36;42;48;2;92;55;74m🬞[0m[38;2;55;50;70m🬀              [0m
 [38;2;0;0;0m              [38;2;72;51;66m🬁[7m[38;2;82;60;83m🬭[0m[38;2;52;40;50m🬀[38;2;43;35;43m🬁[7m[38;2;77;56;78m🬭[0m[38;2;62;45;62m🬄               [0m
 [38;2;0;0;0m                                   [0m
[?25h